-1.156e-05,0
-0.00013318,0.0092103
-0.00023428,0.018421
-9.2656e-05,0.027631
0.00011296,0.036841
-5.4913e-05,0.046052
2.8373e-05,0.055262
2.1278e-05,0.064472
-0.00022028,0.073683
0.00012511,0.082893
0.00020247,0.092103
-3.8897e-06,0.10131
9.9858e-05,0.11052
-7.5733e-05,0.11973
5.9615e-05,0.12894
0.00021232,0.13816
0.00013117,0.14737
-6.9994e-05,0.15658
-0.00010196,0.16579
5.3115e-06,0.175
-2.3702e-05,0.18421
-6.2736e-06,0.19342
0.00012711,0.20263
2.2114e-05,0.21184
0.0001664,0.22105
-4.296e-06,0.23026
-1.3324e-05,0.23947
7.932e-05,0.24868
4.2627e-05,0.25789
-2.099e-05,0.2671
-0.00015882,0.27631
-0.00011164,0.28552
6.1686e-05,0.29473
5.4346e-05,0.30394
-0.00014679,0.31315
1.1991e-05,0.32236
5.2936e-05,0.33157
-0.00011752,0.34078
-9.9822e-05,0.34999
0.0001194,0.3592
-0.00017537,0.36841
4.4653e-05,0.37762
9.7806e-05,0.38683
-0.00017913,0.39604
-1.3019e-05,0.40525
-0.00011752,0.41447
8.9962e-06,0.42368
-4.2217e-05,0.43289
-0.00016509,0.4421
6.1797e-05,0.45131
5.9616e-05,0.46052
-6.1844e-05,0.46973
5.2788e-05,0.47894
-0.00013443,0.48815
-0.00012348,0.49736
-0.00011534,0.50657
-1.0933e-05,0.51578
-5.2419e-05,0.52499
0.00019113,0.5342
-7.1106e-06,0.54341
5.6184e-05,0.55262
5.7407e-05,0.56183
3.7173e-05,0.57104
1.9169e-05,0.58025
0.00012441,0.58946
-0.00011642,0.59867
0.00016353,0.60788
6.8633e-05,0.61709
-0.00011495,0.6263
0.00011102,0.63551
0.00011826,0.64472
0.00017073,0.65393
-4.2032e-05,0.66314
0.00016394,0.67235
2.6347e-05,0.68157
-0.00014635,0.69078
-7.7617e-05,0.69999
9.2949e-05,0.7092
0.0001793,0.71841
-0.00011832,0.72762
-1.1118e-05,0.73683
-6.5677e-05,0.74604
0.00018797,0.75525
-8.9608e-05,0.76446
0.00013315,0.77367
-6.2457e-05,0.78288
7.7668e-05,0.79209
-0.00013243,0.8013
0.00015003,0.81051
-0.00022029,0.81972
3.2251e-05,0.82893
4.21e-05,0.83814
-8.207e-05,0.84735
-9.6646e-05,0.85656
6.0935e-05,0.86577
-0.00010362,0.87498
-2.8238e-06,0.88419
-0.00028198,0.8934
-0.0002081,0.90261
-4.4753e-06,0.91182
0.0001118,0.92103
-0.00016495,0.93024
6.7867e-05,0.93945
4.9432e-05,0.94867
-5.8847e-05,0.95788
-2.3925e-06,0.96709
0.00021913,0.9763
-0.00014006,0.98551
4.801e-05,0.99472
2.0755e-05,1.0039
3.2208e-05,1.0131
-5.8805e-07,1.0223
2.8139e-05,1.0316
-2.5134e-05,1.0408
-0.00016935,1.05
-5.8402e-05,1.0592
2.3444e-05,1.0684
2.5879e-05,1.0776
6.0366e-05,1.0868
0.0002221,1.096
-0.00016541,1.1052
6.8041e-05,1.1145
1.3583e-05,1.1237
-3.7987e-06,1.1329
-6.9314e-05,1.1421
-1.2753e-05,1.1513
6.8036e-05,1.1605
4.2621e-05,1.1697
-0.00016057,1.1789
9.0621e-05,1.1881
2.4951e-05,1.1973
0.00018942,1.2066
-0.00011124,1.2158
-7.2204e-05,1.225
-0.00017522,1.2342
3.6123e-07,1.2434
9.9514e-05,1.2526
-4.7897e-05,1.2618
-5.191e-05,1.271
-2.9466e-05,1.2802
-1.6055e-05,1.2894
0.00010235,1.2987
1.5895e-06,1.3079
-4.8266e-05,1.3171
6.3467e-05,1.3263
-0.00013644,1.3355
5.9862e-05,1.3447
-2.065e-05,1.3539
0.00021394,1.3631
-6.4881e-05,1.3723
4.2359e-05,1.3816
1.1787e-05,1.3908
-0.00010808,1.4
8.7553e-05,1.4092
-0.00022263,1.4184
-0.00019461,1.4276
-0.00013096,1.4368
0.00013056,1.446
9.8397e-05,1.4552
-0.00012514,1.4644
-1.7975e-05,1.4737
-7.4341e-05,1.4829
2.3324e-05,1.4921
0.00021013,1.5013
-8.7667e-05,1.5105
0.00019488,1.5197
-4.6527e-05,1.5289
-6.5192e-05,1.5381
6.0963e-05,1.5473
7.0912e-05,1.5565
2.798e-05,1.5658
-0.00014675,1.575
-6.9132e-05,1.5842
-8.6799e-05,1.5934
-5.1251e-05,1.6026
-7.8209e-05,1.6118
4.2579e-05,1.621
0.00010115,1.6302
-2.5067e-05,1.6394
5.5424e-05,1.6487
7.5888e-05,1.6579
1.3384e-05,1.6671
-2.7256e-05,1.6763
-5.4263e-05,1.6855
-0.00011631,1.6947
-2.7352e-05,1.7039
1.595e-05,1.7131
-1.8671e-05,1.7223
2.179e-05,1.7315
4.6238e-06,1.7408
6.7032e-05,1.75
-6.305e-05,1.7592
-1.1841e-05,1.7684
2.4206e-05,1.7776
-3.7608e-05,1.7868
2.8044e-05,1.796
-0.00017745,1.8052
4.5858e-05,1.8144
4.6182e-05,1.8236
-1.1875e-07,1.8329
-3.5294e-05,1.8421
-4.3299e-05,1.8513
-0.00017048,1.8605
0.00010957,1.8697
6.3577e-05,1.8789
-0.00010872,1.8881
-0.00014773,1.8973
-3.8525e-05,1.9065
6.8084e-05,1.9158
8.3265e-05,1.925
5.346e-05,1.9342
7.6802e-05,1.9434
0.00017549,1.9526
-0.00017043,1.9618
4.6951e-05,1.971
-5.4304e-06,1.9802
-7.4887e-05,1.9894
7.1676e-05,1.9986
-5.5129e-07,2.0079
0.00012001,2.0171
-0.0001034,2.0263
-8.4757e-05,2.0355
4.3342e-05,2.0447
-8.8752e-05,2.0539
1.2123e-05,2.0631
-4.019e-05,2.0723
0.00010967,2.0815
4.3667e-05,2.0907
-4.07e-05,2.1
-6.3869e-05,2.1092
-4.0488e-05,2.1184
0.00023939,2.1276
-4.9623e-06,2.1368
-2.0258e-05,2.146
-1.9753e-05,2.1552
0.00015163,2.1644
-0.00017322,2.1736
0.00011125,2.1829
-7.1928e-05,2.1921
-2.7337e-05,2.2013
6.774e-05,2.2105
-9.3645e-05,2.2197
4.2572e-05,2.2289
-7.4543e-06,2.2381
-0.00013988,2.2473
1.9231e-05,2.2565
5.8039e-05,2.2657
6.3786e-05,2.275
-5.6598e-05,2.2842
-1.6138e-06,2.2934
6.2232e-05,2.3026
5.3344e-05,2.3118
-3.8934e-05,2.321
-0.00012717,2.3302
2.726e-05,2.3394
3.1747e-05,2.3486
0.00014984,2.3578
-0.00015538,2.3671
-3.5429e-05,2.3763
4.3423e-05,2.3855
-1.0148e-05,2.3947
0.00020288,2.4039
-3.6721e-05,2.4131
-0.00023638,2.4223
7.2986e-05,2.4315
-0.0001399,2.4407
0.00013149,2.45
4.0383e-05,2.4592
-3.4417e-05,2.4684
-9.8006e-05,2.4776
0.00018573,2.4868
3.0954e-05,2.496
-4.891e-05,2.5052
-6.9488e-05,2.5144
-1.8039e-05,2.5236
0.00012563,2.5328
0.00019107,2.5421
2.7193e-06,2.5513
4.2713e-05,2.5605
3.2336e-05,2.5697
-0.0001649,2.5789
1.4034e-05,2.5881
-4.9804e-05,2.5973
-4.2777e-05,2.6065
-1.5087e-05,2.6157
-0.00028908,2.6249
-7.3454e-05,2.6342
7.5622e-05,2.6434
1.2079e-05,2.6526
-5.1591e-05,2.6618
-3.4086e-05,2.671
-0.000108,2.6802
-6.9739e-05,2.6894
-5.83e-05,2.6986
-1.8613e-05,2.7078
5.8796e-05,2.7171
-2.1041e-06,2.7263
-7.9761e-06,2.7355
-8.3551e-05,2.7447
9.7862e-05,2.7539
2.3548e-05,2.7631
5.6605e-05,2.7723
2.1929e-05,2.7815
8.0771e-05,2.7907
0.00015125,2.7999
-4.3163e-05,2.8092
5.4256e-05,2.8184
6.793e-05,2.8276
-8.7669e-07,2.8368
0.00019119,2.846
-9.7862e-05,2.8552
-4.8613e-05,2.8644
7.7898e-06,2.8736
2.6201e-06,2.8828
-2.2278e-05,2.892
-4.7971e-05,2.9013
8.2459e-05,2.9105
-6.0403e-06,2.9197
-8.0676e-05,2.9289
0.00017128,2.9381
9.1216e-05,2.9473
0.00014888,2.9565
-2.6748e-06,2.9657
0.00019158,2.9749
9.1968e-05,2.9842
-0.00018081,2.9934
-0.00012653,3.0026
5.8363e-05,3.0118
-1.1619e-05,3.021
-1.4381e-05,3.0302
0.00010748,3.0394
0.00017022,3.0486
3.9124e-05,3.0578
1.2733e-05,3.067
0.00022509,3.0763
-1.0678e-06,3.0855
-4.5055e-05,3.0947
-5.9505e-05,3.1039
-7.3567e-05,3.1131
8.1695e-06,3.1223
-8.6086e-05,3.1315
-0.00018584,3.1407
-0.00012849,3.1499
4.362e-05,3.1591
0.00010913,3.1684
0.00012026,3.1776
0.00023129,3.1868
-0.0001084,3.196
0.00013645,3.2052
8.168e-06,3.2144
-4.6778e-05,3.2236
-4.2638e-05,3.2328
8.8962e-05,3.242
6.4975e-05,3.2513
-0.00018062,3.2605
0.00010247,3.2697
8.2523e-05,3.2789
-2.3633e-05,3.2881
-9.8127e-05,3.2973
-7.6959e-05,3.3065
-0.00012361,3.3157
-5.0215e-06,3.3249
-3.8866e-05,3.3341
-3.1195e-05,3.3434
2.2136e-05,3.3526
-2.9732e-05,3.3618
-0.00016972,3.371
-5.9871e-05,3.3802
-5.2335e-05,3.3894
-0.00017158,3.3986
8.8568e-05,3.4078
-0.00021666,3.417
4.2213e-05,3.4262
-2.9481e-05,3.4355
-3.6425e-05,3.4447
6.4766e-05,3.4539
-3.0353e-05,3.4631
-2.2684e-05,3.4723
-8.7158e-05,3.4815
0.00011258,3.4907
9.9162e-05,3.4999
6.8644e-05,3.5091
5.3125e-05,3.5184
7.2644e-05,3.5276
6.9425e-05,3.5368
3.941e-05,3.546
6.3162e-05,3.5552
-7.091e-05,3.5644
2.9347e-06,3.5736
5.5038e-05,3.5828
-7.2548e-05,3.592
7.6437e-08,3.6012
-1.8751e-05,3.6105
0.00012414,3.6197
4.7249e-05,3.6289
0.00010945,3.6381
6.2267e-05,3.6473
0.00010092,3.6565
-9.4497e-06,3.6657
1.1515e-05,3.6749
-6.2816e-05,3.6841
3.8757e-05,3.6933
0.00030743,3.7026
9.7586e-06,3.7118
-4.5595e-06,3.721
8.5826e-05,3.7302
-0.00015636,3.7394
0.00011282,3.7486
-8.4757e-05,3.7578
5.6751e-05,3.767
2.766e-05,3.7762
-6.7025e-06,3.7854
-7.1728e-05,3.7947
4.1731e-05,3.8039
0.00011246,3.8131
6.8264e-05,3.8223
0.00013961,3.8315
-0.00013886,3.8407
1.9262e-06,3.8499
-0.00013504,3.8591
1.1464e-05,3.8683
5.4163e-05,3.8776
-7.6767e-05,3.8868
0.00012828,3.896
-4.7486e-05,3.9052
6.2343e-05,3.9144
-3.477e-05,3.9236
-7.5832e-05,3.9328
-7.3717e-05,3.942
-0.0001451,3.9512
0.00015208,3.9604
-0.00024472,3.9697
-0.000129,3.9789
-0.00019846,3.9881
-0.00013429,3.9973
-0.00027918,4.0065
6.023e-05,4.0157
4.1156e-06,4.0249
-0.00010285,4.0341
-0.0001295,4.0433
-0.00013056,4.0525
-2.559e-05,4.0618
-0.00019845,4.071
4.6541e-05,4.0802
-3.0537e-07,4.0894
-2.1931e-05,4.0986
8.2044e-05,4.1078
5.6926e-05,4.117
-5.496e-06,4.1262
3.9842e-05,4.1354
3.2459e-05,4.1447
-6.4762e-06,4.1539
0.00017896,4.1631
0.00020112,4.1723
0.00010266,4.1815
8.7259e-06,4.1907
1.1555e-05,4.1999
0.00017289,4.2091
0.00014174,4.2183
0.00010877,4.2275
0.00022664,4.2368
0.00011975,4.246
0.00029845,4.2552
0.00013275,4.2644
7.5473e-05,4.2736
0.00033021,4.2828
0.00028424,4.292
0.00056813,4.3012
0.000586,4.3104
0.0004223,4.3196
0.00042261,4.3289
0.00053435,4.3381
0.00056195,4.3473
0.00077046,4.3565
0.0006362,4.3657
0.00083133,4.3749
0.00087483,4.3841
0.0010439,4.3933
0.00079529,4.4025
0.00082736,4.4118
0.0010844,4.421
0.00088518,4.4302
0.00081979,4.4394
0.0010524,4.4486
0.0011362,4.4578
0.0010923,4.467
0.0011358,4.4762
0.0010767,4.4854
0.0014272,4.4946
0.0013167,4.5039
0.0012831,4.5131
0.0014189,4.5223
0.0015026,4.5315
0.0013542,4.5407
0.001521,4.5499
0.001489,4.5591
0.0017405,4.5683
0.0016289,4.5775
0.0015373,4.5867
0.0016747,4.596
0.001766,4.6052
0.0019656,4.6144
0.0017932,4.6236
0.0018792,4.6328
0.001974,4.642
0.0019358,4.6512
0.001828,4.6604
0.001928,4.6696
0.0019065,4.6789
0.0020702,4.6881
0.0021798,4.6973
0.0020488,4.7065
0.0021807,4.7157
0.0020288,4.7249
0.0021367,4.7341
0.0021243,4.7433
0.0023252,4.7525
0.0022109,4.7617
0.0022765,4.771
0.0021829,4.7802
0.0021699,4.7894
0.0022881,4.7986
0.0021811,4.8078
0.0021401,4.817
0.0022585,4.8262
0.0024602,4.8354
0.0022716,4.8446
0.0023427,4.8538
0.00227,4.8631
0.0021323,4.8723
0.0023445,4.8815
0.0025201,4.8907
0.002323,4.8999
0.0022458,4.9091
0.0022657,4.9183
0.0024043,4.9275
0.0023283,4.9367
0.0024704,4.946
0.0023456,4.9552
0.002165,4.9644
0.0023293,4.9736
0.0024436,4.9828
0.0024736,4.992
0.0024974,5.0012
0.0024665,5.0104
0.0024706,5.0196
0.0025491,5.0288
0.0025091,5.0381
0.0023688,5.0473
0.0022987,5.0565
0.002313,5.0657
0.0024056,5.0749
0.0024501,5.0841
0.0022982,5.0933
0.0024675,5.1025
0.0022368,5.1117
0.0022555,5.1209
0.0022559,5.1302
0.0022207,5.1394
0.002366,5.1486
0.0022523,5.1578
0.0024479,5.167
0.0022538,5.1762
0.0024325,5.1854
0.0019943,5.1946
0.0022648,5.2038
0.0022483,5.2131
0.0024046,5.2223
0.0022285,5.2315
0.0023714,5.2407
0.0023739,5.2499
0.0021137,5.2591
0.0020479,5.2683
0.002244,5.2775
0.002068,5.2867
0.0021251,5.2959
0.0020752,5.3052
0.0021339,5.3144
0.0021751,5.3236
0.0021784,5.3328
0.0021126,5.342
0.0019963,5.3512
0.0019984,5.3604
0.0021046,5.3696
0.0018494,5.3788
0.001943,5.388
0.0018966,5.3973
0.0020133,5.4065
0.0020877,5.4157
0.002269,5.4249
0.0020255,5.4341
0.0019129,5.4433
0.0019681,5.4525
0.0020534,5.4617
0.002104,5.4709
0.0019504,5.4802
0.0019905,5.4894
0.0021045,5.4986
0.0020033,5.5078
0.0019843,5.517
0.0019387,5.5262
0.001929,5.5354
0.0020692,5.5446
0.0019064,5.5538
0.0019512,5.563
0.0018491,5.5723
0.0020096,5.5815
0.0019711,5.5907
0.0019875,5.5999
0.001938,5.6091
0.001864,5.6183
0.0019275,5.6275
0.0018055,5.6367
0.0018982,5.6459
0.002161,5.6551
0.002096,5.6644
0.0020142,5.6736
0.0019701,5.6828
0.0020079,5.692
0.0019633,5.7012
0.0020169,5.7104
0.0020437,5.7196
0.0018206,5.7288
0.0019034,5.738
0.0019196,5.7473
0.0018669,5.7565
0.0018231,5.7657
0.00205,5.7749
0.00199,5.7841
0.0018326,5.7933
0.001819,5.8025
0.0019677,5.8117
0.0018569,5.8209
0.0018069,5.8301
0.001903,5.8394
0.0018443,5.8486
0.0020149,5.8578
0.0021619,5.867
0.0017624,5.8762
0.0020176,5.8854
0.0019775,5.8946
0.0018525,5.9038
0.0020345,5.913
0.0018511,5.9222
0.0017533,5.9315
0.0018309,5.9407
0.0020027,5.9499
0.0019877,5.9591
0.0020487,5.9683
0.0019993,5.9775
0.002078,5.9867
0.0017533,5.9959
0.0019252,6.0051
0.0019211,6.0144
0.0019535,6.0236
0.0020678,6.0328
0.0018953,6.042
0.00199,6.0512
0.0017755,6.0604
0.0018769,6.0696
0.0020642,6.0788
0.0017977,6.088
0.0021153,6.0972
0.0019271,6.1065
0.00203,6.1157
0.0018613,6.1249
0.0020561,6.1341
0.0019821,6.1433
0.0021093,6.1525
0.0019308,6.1617
0.0019135,6.1709
0.0019129,6.1801
0.0021875,6.1893
0.0019585,6.1986
0.001832,6.2078
0.0020891,6.217
0.0019981,6.2262
0.0019613,6.2354
0.0020498,6.2446
0.002088,6.2538
0.0019367,6.263
0.0020127,6.2722
0.0019716,6.2815
0.0019459,6.2907
0.0020522,6.2999
0.0020778,6.3091
0.0018695,6.3183
0.0021184,6.3275
0.0020231,6.3367
0.0019854,6.3459
0.0018508,6.3551
0.0019847,6.3643
0.0020041,6.3736
0.002022,6.3828
0.0019685,6.392
0.0021053,6.4012
0.00217,6.4104
0.002138,6.4196
0.001991,6.4288
0.002048,6.438
0.0020554,6.4472
0.0019528,6.4564
0.0020141,6.4657
0.0019565,6.4749
0.0020225,6.4841
0.0021768,6.4933
0.0019972,6.5025
0.001943,6.5117
0.0021538,6.5209
0.0021034,6.5301
0.0019636,6.5393
0.0019424,6.5486
0.0021572,6.5578
0.0020191,6.567
0.0020344,6.5762
0.0020507,6.5854
0.0019527,6.5946
0.0021244,6.6038
0.0022506,6.613
0.0017663,6.6222
0.0020347,6.6314
0.0021092,6.6407
0.0019348,6.6499
0.0020231,6.6591
0.0020309,6.6683
0.0019536,6.6775
0.0020839,6.6867
0.0021344,6.6959
0.0020349,6.7051
0.0020492,6.7143
0.0019573,6.7235
0.0021234,6.7328
0.0020022,6.742
0.0020549,6.7512
0.0021279,6.7604
0.0019804,6.7696
0.0019903,6.7788
0.0020184,6.788
0.0019866,6.7972
0.0018817,6.8064
0.0020564,6.8157
0.0018637,6.8249
0.001977,6.8341
0.0018662,6.8433
0.0021368,6.8525
0.0020148,6.8617
0.0020538,6.8709
0.0019793,6.8801
0.0021639,6.8893
0.0019644,6.8985
0.0021196,6.9078
0.0021194,6.917
0.0019512,6.9262
0.0020464,6.9354
0.0020158,6.9446
0.0022143,6.9538
0.001903,6.963
0.0018437,6.9722
0.0020329,6.9814
0.0019046,6.9906
0.0019424,6.9999
0.0020341,7.0091
0.0018709,7.0183
0.0021076,7.0275
0.0020424,7.0367
0.0021422,7.0459
0.0019685,7.0551
0.0020908,7.0643
0.0018874,7.0735
0.0020232,7.0828
0.0021112,7.092
0.0019339,7.1012
0.0020073,7.1104
0.0021618,7.1196
0.0019197,7.1288
0.001887,7.138
0.0020912,7.1472
0.0019954,7.1564
0.0018875,7.1656
0.0019081,7.1749
0.002032,7.1841
0.0020218,7.1933
0.001962,7.2025
0.00202,7.2117
0.0020535,7.2209
0.0019239,7.2301
0.0019649,7.2393
0.0019243,7.2485
0.0021308,7.2577
0.0018689,7.267
0.0021581,7.2762
0.0019397,7.2854
0.0019965,7.2946
0.0020924,7.3038
0.0020704,7.313
0.0019625,7.3222
0.0020855,7.3314
0.0018787,7.3406
0.0021348,7.3499
0.0021127,7.3591
0.0019986,7.3683
0.0020371,7.3775
0.0020947,7.3867
0.001964,7.3959
0.0020514,7.4051
0.0020656,7.4143
0.0020341,7.4235
0.0018549,7.4327
0.0019635,7.442
0.0017995,7.4512
0.0019589,7.4604
0.0019182,7.4696
0.0019877,7.4788
0.0020351,7.488
0.0020804,7.4972
0.0019832,7.5064
0.0020016,7.5156
0.002099,7.5248
0.0021274,7.5341
0.0020196,7.5433
0.002084,7.5525
0.001925,7.5617
0.0021566,7.5709
0.0019318,7.5801
0.0019214,7.5893
0.0020521,7.5985
0.0019918,7.6077
0.0018398,7.617
0.0021063,7.6262
0.0020681,7.6354
0.0021634,7.6446
0.0020282,7.6538
0.0020693,7.663
0.0018838,7.6722
0.0021849,7.6814
0.0022362,7.6906
0.001961,7.6998
0.0019297,7.7091
0.0020993,7.7183
0.0018858,7.7275
0.0020148,7.7367
0.001986,7.7459
0.0020822,7.7551
0.0018027,7.7643
0.002012,7.7735
0.0020259,7.7827
0.0018227,7.7919
0.0019839,7.8012
0.0020628,7.8104
0.0018724,7.8196
0.00197,7.8288
0.0020197,7.838
0.0019478,7.8472
0.0021575,7.8564
0.0020771,7.8656
0.0019423,7.8748
0.0020334,7.8841
0.0021132,7.8933
0.0020252,7.9025
0.0020561,7.9117
0.0020647,7.9209
0.0020743,7.9301
0.0018682,7.9393
0.0019328,7.9485
0.0019652,7.9577
0.0018408,7.9669
0.0018604,7.9762
0.0020363,7.9854
0.0020365,7.9946
0.0020931,8.0038
0.0020372,8.013
0.001924,8.0222
0.0019991,8.0314
0.001929,8.0406
0.0020874,8.0498
0.0018496,8.059
0.0020866,8.0683
0.0020505,8.0775
0.002078,8.0867
0.0019428,8.0959
0.0020204,8.1051
0.0019966,8.1143
0.0018496,8.1235
0.0020492,8.1327
0.0020449,8.1419
0.0019264,8.1512
0.0021247,8.1604
0.0018242,8.1696
0.0019596,8.1788
0.0019616,8.188
0.0019293,8.1972
0.0019342,8.2064
0.0020489,8.2156
0.0019132,8.2248
0.0020075,8.234
0.0019581,8.2433
0.0019877,8.2525
0.0021938,8.2617
0.0019464,8.2709
0.0020891,8.2801
0.0020043,8.2893
0.0020037,8.2985
0.0018102,8.3077
0.0021026,8.3169
0.0020159,8.3261
0.001957,8.3354
0.0020042,8.3446
0.0019895,8.3538
0.0021836,8.363
0.0018897,8.3722
0.0019442,8.3814
0.0020266,8.3906
0.0021857,8.3998
0.002026,8.409
0.0021114,8.4183
0.0020755,8.4275
0.0020722,8.4367
0.002129,8.4459
0.0022294,8.4551
0.002015,8.4643
0.0019712,8.4735
0.0020189,8.4827
0.0019699,8.4919
0.001769,8.5011
0.0019885,8.5104
0.0020169,8.5196
0.0019635,8.5288
0.0019784,8.538
0.0021237,8.5472
0.0020083,8.5564
0.0019971,8.5656
0.0019339,8.5748
0.0019443,8.584
0.0019899,8.5932
0.0020128,8.6025
0.0020389,8.6117
0.0021635,8.6209
0.0021356,8.6301
0.0018803,8.6393
0.0021756,8.6485
0.0019014,8.6577
0.0022571,8.6669
0.0020199,8.6761
0.0019561,8.6854
0.0017978,8.6946
0.0019601,8.7038
0.0021541,8.713
0.0019586,8.7222
0.0019548,8.7314
0.0018686,8.7406
0.0018825,8.7498
0.001942,8.759
0.0020359,8.7682
0.0017936,8.7775
0.0020666,8.7867
0.0019518,8.7959
0.0020803,8.8051
0.0019994,8.8143
0.0019556,8.8235
0.0020501,8.8327
0.0020504,8.8419
0.0022024,8.8511
0.0018697,8.8603
0.0019297,8.8696
0.0018775,8.8788
0.0019428,8.888
0.0019493,8.8972
0.0019557,8.9064
0.001953,8.9156
0.0019488,8.9248
0.0019761,8.934
0.0020427,8.9432
0.0021112,8.9525
0.0019634,8.9617
0.0021826,8.9709
0.0020871,8.9801
0.0021218,8.9893
0.0019018,8.9985
0.0018171,9.0077
0.0020326,9.0169
0.0020343,9.0261
0.0018299,9.0353
0.0018513,9.0446
0.0020351,9.0538
0.0021035,9.063
0.0021355,9.0722
0.0019081,9.0814
0.0020604,9.0906
0.0020613,9.0998
0.0019967,9.109
0.0018947,9.1182
0.0018895,9.1274
0.002074,9.1367
0.0018317,9.1459
0.0019704,9.1551
0.002014,9.1643
0.0021092,9.1735
0.001964,9.1827
0.0018607,9.1919
0.0020347,9.2011
0.001928,9.2103
0.0021777,9.2196
0.0019132,9.2288
0.0020171,9.238
0.0022042,9.2472
0.0021054,9.2564
0.0019983,9.2656
0.0020479,9.2748
0.0022402,9.284
0.00214,9.2932
0.0018671,9.3024
0.0020184,9.3117
0.0021065,9.3209
0.0018465,9.3301
0.0020289,9.3393
0.0019932,9.3485
0.0020288,9.3577
0.0019195,9.3669
0.0018173,9.3761
0.0018928,9.3853
0.0021875,9.3945
0.001987,9.4038
0.0019048,9.413
0.0021468,9.4222
0.0020919,9.4314
0.0019137,9.4406
0.0021075,9.4498
0.0021111,9.459
0.0019226,9.4682
0.002054,9.4774
0.0019629,9.4867
0.0021251,9.4959
0.0018738,9.5051
0.0019592,9.5143
0.0020821,9.5235
0.0019921,9.5327
0.0020577,9.5419
0.0021738,9.5511
0.0019574,9.5603
0.0018904,9.5695
0.0021563,9.5788
0.0019563,9.588
0.0020319,9.5972
0.0019418,9.6064
0.0018431,9.6156
0.0019053,9.6248
0.0021313,9.634
0.0019585,9.6432
0.001985,9.6524
0.00203,9.6616
0.0021177,9.6709
0.0020153,9.6801
0.0019742,9.6893
0.0019148,9.6985
0.0020583,9.7077
0.0017912,9.7169
0.0018825,9.7261
0.0020737,9.7353
0.0020447,9.7445
0.0018723,9.7538
0.0020537,9.763
0.002047,9.7722
0.0018816,9.7814
0.0019928,9.7906
0.0021602,9.7998
0.0019507,9.809
0.0018653,9.8182
0.0020159,9.8274
0.001944,9.8366
0.0019642,9.8459
0.002041,9.8551
0.0019945,9.8643
0.0019619,9.8735
0.0018968,9.8827
0.001918,9.8919
0.0018977,9.9011
0.0019395,9.9103
0.0021761,9.9195
0.0020148,9.9287
0.0019451,9.938
0.0019872,9.9472
0.0020245,9.9564
0.0020276,9.9656
0.0020319,9.9748
0.0021091,9.984
0.0019656,9.9932
0.0020355,10.002
0.0019381,10.012
0.0018141,10.021
0.0019428,10.03
0.0021418,10.039
0.0019645,10.048
0.0021022,10.058
0.0020602,10.067
0.0019403,10.076
0.0021913,10.085
0.0020873,10.095
0.0020903,10.104
0.001909,10.113
0.0019353,10.122
0.0020646,10.131
0.00212,10.141
0.0019974,10.15
0.0021712,10.159
0.0019872,10.168
0.0020718,10.177
0.0020003,10.187
0.0021094,10.196
0.0019673,10.205
0.0019969,10.214
0.0018492,10.223
0.0020302,10.233
0.002009,10.242
0.0020528,10.251
0.0020338,10.26
0.0019331,10.27
0.0020664,10.279
0.002261,10.288
0.0019358,10.297
0.0020932,10.306
0.0019422,10.316
0.0019092,10.325
0.0018877,10.334
0.0020575,10.343
0.0020033,10.352
0.0020874,10.362
0.001981,10.371
0.0018825,10.38
0.0019802,10.389
0.0019926,10.398
0.0020612,10.408
0.001879,10.417
0.0018157,10.426
0.0020459,10.435
0.0019223,10.445
0.0019509,10.454
0.002055,10.463
0.0020018,10.472
0.0020165,10.481
0.0021184,10.491
0.0021066,10.5
0.0020004,10.509
0.0019468,10.518
0.0018806,10.527
0.0020316,10.537
0.0022313,10.546
0.0021047,10.555
0.0020225,10.564
0.0018902,10.573
0.0018774,10.583
0.001947,10.592
0.0016258,10.601
0.0020417,10.61
0.0021243,10.62
0.0020111,10.629
0.0019673,10.638
0.0021353,10.647
0.0019572,10.656
0.0019421,10.666
0.0020926,10.675
0.0020005,10.684
0.0019365,10.693
0.0020858,10.702
0.0019519,10.712
0.002149,10.721
0.0019371,10.73
0.0019406,10.739
0.0019371,10.748
0.0020356,10.758
0.0021305,10.767
0.0020366,10.776
0.0020772,10.785
0.0021255,10.795
0.0019872,10.804
0.0020949,10.813
0.0019875,10.822
0.00221,10.831
0.002026,10.841
0.0019455,10.85
0.00201,10.859
0.0019267,10.868
0.0018476,10.877
0.002035,10.887
0.0020233,10.896
0.0020654,10.905
0.0019155,10.914
0.0019195,10.923
0.0019509,10.933
0.0018994,10.942
0.0022691,10.951
0.0020372,10.96
0.0019347,10.97
0.0020424,10.979
0.002123,10.988
0.0020678,10.997
0.0020917,11.006
0.0020481,11.016
0.0018493,11.025
0.001924,11.034
0.002106,11.043
0.0019802,11.052
0.0020259,11.062
0.0020555,11.071
0.0018979,11.08
0.002019,11.089
0.0019565,11.098
0.0018526,11.108
0.0020393,11.117
0.0019156,11.126
0.0019497,11.135
0.0018661,11.145
0.0019397,11.154
0.002044,11.163
0.0021572,11.172
0.0018868,11.181
0.0020345,11.191
0.0020523,11.2
0.0021044,11.209
0.002126,11.218
0.0018894,11.227
0.0020061,11.237
0.0021231,11.246
0.0020545,11.255
0.00214,11.264
0.0021217,11.273
0.0022344,11.283
0.001738,11.292
0.0019668,11.301
0.0019661,11.31
0.0018576,11.32
0.0019479,11.329
0.0021422,11.338
0.0020059,11.347
0.0020961,11.356
0.0021635,11.366
0.001971,11.375
0.001959,11.384
0.0018683,11.393
0.0019723,11.402
0.0019285,11.412
0.0019781,11.421
0.0019774,11.43
0.0019272,11.439
0.0018855,11.448
0.0019622,11.458
0.0020015,11.467
0.0019104,11.476
0.0020352,11.485
0.0019856,11.495
0.0019739,11.504
0.0020912,11.513
0.0022306,11.522
0.0020848,11.531
0.0020643,11.541
0.0020005,11.55
0.002013,11.559
0.0020581,11.568
0.0019447,11.577
0.0018507,11.587
0.0020429,11.596
0.0019298,11.605
0.0020394,11.614
0.0019169,11.623
0.0018747,11.633
0.0018597,11.642
0.0020281,11.651
0.0021955,11.66
0.00202,11.67
0.0020491,11.679
0.0020144,11.688
0.002023,11.697
0.0022365,11.706
0.0019219,11.716
0.0019841,11.725
0.0019326,11.734
0.0020714,11.743
0.0020255,11.752
0.0019673,11.762
0.0020742,11.771
0.0018994,11.78
0.0020119,11.789
0.00202,11.798
0.0021574,11.808
0.0020539,11.817
0.0020033,11.826
0.0018658,11.835
0.0018529,11.844
0.0020591,11.854
0.00193,11.863
0.0019759,11.872
0.0019131,11.881
0.0020182,11.891
0.0020228,11.9
0.0021745,11.909
0.0021818,11.918
0.0021062,11.927
0.0021084,11.937
0.001883,11.946
0.0021276,11.955
0.0019058,11.964
0.0018401,11.973
0.0023166,11.983
0.0020319,11.992
0.0019337,12.001
0.0020008,12.01
0.0020069,12.019
0.001793,12.029
0.0019284,12.038
0.0020529,12.047
0.0020036,12.056
0.0018337,12.066
0.0019509,12.075
0.001985,12.084
0.0020081,12.093
0.0018321,12.102
0.0020255,12.112
0.0021529,12.121
0.0018407,12.13
0.0020439,12.139
0.0021344,12.148
0.002038,12.158
0.0020589,12.167
0.0019525,12.176
0.0019815,12.185
0.0018855,12.194
0.0019878,12.204
0.0019447,12.213
0.0019342,12.222
0.0021447,12.231
0.0019883,12.241
0.002063,12.25
0.0020375,12.259
0.0018985,12.268
0.001811,12.277
0.0018566,12.287
0.0020276,12.296
0.0019699,12.305
0.002076,12.314
0.001962,12.323
0.0018678,12.333
0.0020096,12.342
0.0021101,12.351
0.0020265,12.36
0.0019814,12.369
0.0019579,12.379
0.0021268,12.388
0.0020914,12.397
0.001957,12.406
0.0018654,12.416
0.0019086,12.425
0.0020333,12.434
0.0018907,12.443
0.0019613,12.452
0.0019878,12.462
0.001934,12.471
0.0019376,12.48
0.0019774,12.489
0.0019449,12.498
0.0018658,12.508
0.0020737,12.517
0.001908,12.526
0.0021035,12.535
0.0019657,12.544
0.0019692,12.554
0.0021296,12.563
0.0020261,12.572
0.0019598,12.581
0.0019173,12.591
0.0019483,12.6
0.00204,12.609
0.0020847,12.618
0.0020048,12.627
0.0019507,12.637
0.0020335,12.646
0.0020671,12.655
0.0019578,12.664
0.0021443,12.673
0.0019636,12.683
0.0020898,12.692
0.0020968,12.701
0.0020057,12.71
0.0019915,12.719
0.0020872,12.729
0.0018196,12.738
0.0020034,12.747
0.0020069,12.756
0.0020366,12.766
0.0019115,12.775
0.001859,12.784
0.0017362,12.793
0.0020545,12.802
0.0021078,12.812
0.0019556,12.821
0.0022379,12.83
0.0019359,12.839
0.0018689,12.848
0.0019854,12.858
0.0020106,12.867
0.0020682,12.876
0.0020121,12.885
0.0019236,12.894
0.0018477,12.904
0.0019413,12.913
0.0018636,12.922
0.0020724,12.931
0.0019896,12.941
0.0018147,12.95
0.0020366,12.959
0.0019078,12.968
0.002135,12.977
0.0020052,12.987
0.0020229,12.996
0.0019213,13.005
0.0020523,13.014
0.0020065,13.023
0.0020216,13.033
0.001968,13.042
0.0020643,13.051
0.0017561,13.06
0.0020166,13.069
0.0021048,13.079
0.0019809,13.088
0.0020578,13.097
0.0019405,13.106
0.0020173,13.116
0.0019416,13.125
0.0021145,13.134
0.002047,13.143
0.0021376,13.152
0.0019958,13.162
0.0019941,13.171
0.0020313,13.18
0.0021448,13.189
0.001761,13.198
0.0018323,13.208
0.0021267,13.217
0.0021894,13.226
0.0019795,13.235
0.0021354,13.244
0.002217,13.254
0.002019,13.263
0.0019544,13.272
0.0019523,13.281
0.0019744,13.291
0.0020799,13.3
0.0019829,13.309
0.0022037,13.318
0.001966,13.327
0.0019284,13.337
0.0020545,13.346
0.0020235,13.355
0.0020463,13.364
0.0017906,13.373
0.001985,13.383
0.0018166,13.392
0.0020185,13.401
0.0020765,13.41
0.002118,13.419
0.0020753,13.429
0.0020484,13.438
0.0020775,13.447
0.0019943,13.456
0.0019961,13.466
0.002102,13.475
0.0021087,13.484
0.0019529,13.493
0.0018203,13.502
0.0017705,13.512
0.0018377,13.521
0.0019,13.53
0.0020447,13.539
0.0019224,13.548
0.0019915,13.558
0.0020369,13.567
0.0018614,13.576
0.001915,13.585
0.0019251,13.594
0.0019198,13.604
0.0019561,13.613
0.0020787,13.622
0.0019493,13.631
0.0020694,13.641
0.002034,13.65
0.0020192,13.659
0.0020975,13.668
0.002214,13.677
0.0021467,13.687
0.0018416,13.696
0.002053,13.705
0.0018753,13.714
0.0017989,13.723
0.0018789,13.733
0.0017818,13.742
0.0018869,13.751
0.0021354,13.76
0.0019524,13.769
0.0022681,13.779
0.0020391,13.788
0.0021004,13.797
0.0019854,13.806
0.001972,13.816
0.0019217,13.825
0.0020161,13.834
0.0018517,13.843
0.001915,13.852
0.0018931,13.862
0.0020168,13.871
0.0021516,13.88
0.0022158,13.889
0.0018244,13.898
0.0020347,13.908
0.0019346,13.917
0.0018919,13.926
0.0020103,13.935
0.0019528,13.944
0.0020051,13.954
0.0020769,13.963
0.0019065,13.972
0.0019847,13.981
0.00183,13.991
0.0019617,14
0.0020989,14.009
0.0018254,14.018
0.0020391,14.027
0.0018648,14.037
0.0020219,14.046
0.001955,14.055
0.0019721,14.064
0.0018396,14.073
0.0019089,14.083
0.0019807,14.092
0.0020072,14.101
0.0019809,14.11
0.0019359,14.119
0.0021329,14.129
0.0019806,14.138
0.0019224,14.147
0.0019241,14.156
0.0019924,14.166
0.0020929,14.175
0.0019575,14.184
0.0020872,14.193
0.0020227,14.202
0.0019437,14.212
0.0019183,14.221
0.0020177,14.23
0.0019897,14.239
0.0019095,14.248
0.0019206,14.258
0.0020539,14.267
0.0020522,14.276
0.0019689,14.285
0.0020826,14.294
0.001965,14.304
0.0019884,14.313
0.0021235,14.322
0.001946,14.331
0.0017957,14.34
0.0018711,14.35
0.0020291,14.359
0.0019784,14.368
0.0022751,14.377
0.0018585,14.387
0.0019756,14.396
0.002004,14.405
0.0018626,14.414
0.0021079,14.423
0.0020744,14.433
0.0021543,14.442
0.0020688,14.451
0.001645,14.46
0.0019033,14.469
0.0020312,14.479
0.0019185,14.488
0.0020283,14.497
0.0019934,14.506
0.0019453,14.515
0.0020068,14.525
0.0020513,14.534
0.0021143,14.543
0.0019106,14.552
0.0019428,14.562
0.0019279,14.571
0.0020848,14.58
0.0021573,14.589
0.0021056,14.598
0.0021341,14.608
0.0020249,14.617
0.0019198,14.626
0.002068,14.635
0.0021726,14.644
0.0020506,14.654
0.0020929,14.663
0.0018457,14.672
0.0020571,14.681
0.0019846,14.69
0.0020553,14.7
0.0021277,14.709
0.0019361,14.718
0.0021506,14.727
0.0019057,14.737
0.0020041,14.746
0.0020307,14.755
0.0021067,14.764
0.0019677,14.773
0.0019064,14.783
0.0021417,14.792
0.0020363,14.801
0.0018086,14.81
0.002032,14.819
0.0018299,14.829
0.0020791,14.838
0.0021387,14.847
0.0019817,14.856
0.0019092,14.865
0.0021227,14.875
0.0019489,14.884
0.0019182,14.893
0.0018738,14.902
0.0018532,14.912
0.0020276,14.921
0.0019668,14.93
0.0020788,14.939
0.0019943,14.948
0.001979,14.958
0.0018279,14.967
0.0019225,14.976
0.0020104,14.985
0.0019572,14.994
0.0021275,15.004
0.0018169,15.013
0.0019819,15.022
0.0020115,15.031
0.0019278,15.04
0.0020112,15.05
0.0021661,15.059
0.001895,15.068
0.0019649,15.077
0.0018581,15.087
0.0020728,15.096
0.0018794,15.105
0.0019142,15.114
0.0021423,15.123
0.0020823,15.133
0.0019244,15.142
0.0021017,15.151
0.0019341,15.16
0.0020106,15.169
0.0021834,15.179
0.0022257,15.188
0.0019557,15.197
0.001997,15.206
0.0021039,15.215
0.0020608,15.225
0.0019767,15.234
0.0019791,15.243
0.0019216,15.252
0.0017728,15.262
0.0019843,15.271
0.0018802,15.28
0.0019772,15.289
0.0022468,15.298
0.0020034,15.308
0.002151,15.317
0.0018889,15.326
0.0021276,15.335
0.0018326,15.344
0.001972,15.354
0.0020291,15.363
0.002062,15.372
0.0019876,15.381
0.0018918,15.39
0.0018782,15.4
0.0019278,15.409
0.0018981,15.418
0.0019421,15.427
0.0019049,15.437
0.0021242,15.446
0.002027,15.455
0.0020283,15.464
0.0019161,15.473
0.0020277,15.483
0.0020323,15.492
0.0019064,15.501
0.0018811,15.51
0.0018065,15.519
0.0020873,15.529
0.0018988,15.538
0.0020047,15.547
0.0020083,15.556
0.0020091,15.565
0.0019362,15.575
0.0019774,15.584
0.0019693,15.593
0.002135,15.602
0.0018844,15.612
0.0019794,15.621
0.0021066,15.63
0.0020421,15.639
0.0018912,15.648
0.0020793,15.658
0.0017298,15.667
0.0019507,15.676
0.0021568,15.685
0.0020498,15.694
0.0020792,15.704
0.0019907,15.713
0.001962,15.722
0.0020696,15.731
0.0022317,15.74
0.0019732,15.75
0.0021437,15.759
0.0019461,15.768
0.001957,15.777
0.0020651,15.787
0.0019098,15.796
0.0020942,15.805
0.0018317,15.814
0.0017579,15.823
0.0019841,15.833
0.0020329,15.842
0.0021275,15.851
0.002012,15.86
0.0020954,15.869
0.0020241,15.879
0.0020679,15.888
0.0019031,15.897
0.0019924,15.906
0.0019402,15.915
0.0019763,15.925
0.0022297,15.934
0.0018596,15.943
0.0020034,15.952
0.0019679,15.962
0.0020379,15.971
0.0021793,15.98
0.0020912,15.989
